,City,Year,Win%,Employment
0,Atlanta,2001,0.4205,2686719.0
1,Atlanta,2002,0.51825,2670925.0
2,Atlanta,2003,0.432,2687530.0
3,Atlanta,2004,0.48,2764654.0
4,Atlanta,2005,0.46825,2876385.0
5,Atlanta,2006,0.45399999999999996,2989335.0
6,Atlanta,2007,0.40875000000000006,3083699.0
7,Atlanta,2008,0.5329999999999999,3059935.0
8,Atlanta,2009,0.54175,2947443.0
9,Atlanta,2010,0.58175,2933987.0
10,Atlanta,2011,0.5933333333333333,3011331.0
11,Atlanta,2012,0.6433333333333332,3059964.0
12,Atlanta,2013,0.43533333333333335,3145664.0
13,Atlanta,2014,0.5316666666666666,3277537.0
14,Atlanta,2015,0.49966666666666665,3394255.0
15,Atlanta,2016,0.5446666666666666,3505288.0
16,Atlanta,2017,0.4875,3610301.0
17,Atlanta,2018,0.5135,3726150.0
18,Boston,2001,0.556,2794673.0
19,Boston,2002,0.539,2741405.0
20,Boston,2003,0.5386666666666667,2708580.0
21,Boston,2004,0.577,2728596.0
22,Boston,2005,0.44733333333333336,2763930.0
23,Boston,2006,0.417,2796915.0
24,Boston,2007,0.6326666666666667,2872553.0
25,Boston,2008,0.6626666666666666,2891510.0
26,Boston,2009,0.5573333333333332,2830260.0
27,Boston,2010,0.5976666666666667,2834324.0
28,Boston,2011,0.5816666666666667,2879562.0
29,Boston,2012,0.505,2934835.0
30,Boston,2013,0.521,3007808.0
31,Boston,2014,0.47533333333333333,3079803.0
32,Boston,2015,0.5259999999999999,3218553.0
33,Boston,2016,0.5856666666666667,3279073.0
34,Boston,2017,0.6183333333333333,3329148.0
35,Boston,2018,0.621,3388399.0
36,Calgary,2001,0.463,602138.0
37,Calgary,2002,0.433,619306.0
38,Calgary,2003,0.555,639730.0
39,Calgary,2005,0.561,673548.0
40,Calgary,2006,0.524,706219.0
41,Calgary,2007,0.512,733747.0
42,Calgary,2008,0.561,757982.0
43,Calgary,2009,0.488,749953.0
44,Calgary,2010,0.5,747807.0
45,Calgary,2011,0.451,775039.0
46,Calgary,2012,0.396,796943.0
47,Calgary,2013,0.427,813704.0
48,Calgary,2014,0.549,827616.0
49,Calgary,2015,0.427,831168.0
50,Calgary,2016,0.549,812409.0
51,Calgary,2017,0.451,821696.0
52,Calgary,2018,0.61,837532.0
53,Charlotte,2001,0.30000000000000004,922162.0
54,Charlotte,2002,0.438,925079.0
55,Charlotte,2003,0.688,927179.0
56,Charlotte,2004,0.329,950304.0
57,Charlotte,2005,0.5025,988197.0
58,Charlotte,2006,0.451,1035094.0
59,Charlotte,2007,0.41400000000000003,1085858.0
60,Charlotte,2008,0.5885,1091897.0
61,Charlotte,2009,0.5185,1049899.0
62,Charlotte,2010,0.27,1045331.0
63,Charlotte,2011,0.2405,1091758.0
64,Charlotte,2012,0.347,1118090.0
65,Charlotte,2013,0.637,1149896.0
66,Charlotte,2014,0.4355,1197640.0
67,Charlotte,2015,0.7615,1244735.0
68,Charlotte,2016,0.40700000000000003,1288726.0
69,Charlotte,2017,0.5635,1333702.0
70,Charlotte,2018,0.45699999999999996,1372417.0
71,Chicago,2001,0.5646666666666667,5450274.0
72,Chicago,2002,0.40650000000000003,5386960.0
73,Chicago,2003,0.45599999999999996,5387028.0
74,Chicago,2004,0.4728,5446229.0
75,Chicago,2005,0.5225000000000001,5528261.0
76,Chicago,2006,0.5471666666666667,5627599.0
77,Chicago,2007,0.4661666666666667,5733881.0
78,Chicago,2008,0.5536666666666666,5715056.0
79,Chicago,2009,0.5238333333333333,5515227.0
80,Chicago,2010,0.5728333333333334,5470609.0
81,Chicago,2011,0.5388333333333333,5581826.0
82,Chicago,2012,0.5690000000000001,5643024.0
83,Chicago,2013,0.4928333333333333,5730430.0
84,Chicago,2014,0.4751666666666667,5831728.0
85,Chicago,2015,0.47533333333333333,5963729.0
86,Chicago,2016,0.462,6043935.0
87,Chicago,2017,0.43333333333333335,6077001.0
88,Chicago,2018,0.4626666666666666,6136292.0
89,Cincinnati,2001,0.391,1211800.0
90,Cincinnati,2002,0.303,1203921.0
91,Cincinnati,2003,0.46299999999999997,1210587.0
92,Cincinnati,2004,0.4845,1225193.0
93,Cincinnati,2005,0.5695,1242133.0
94,Cincinnati,2006,0.497,1252180.0
95,Cincinnati,2007,0.441,1267284.0
96,Cincinnati,2008,0.369,1262918.0
97,Cincinnati,2009,0.5529999999999999,1222538.0
98,Cincinnati,2010,0.406,1212553.0
99,Cincinnati,2011,0.5255,1227264.0
100,Cincinnati,2012,0.612,1238786.0
101,Cincinnati,2013,0.622,1252841.0
102,Cincinnati,2014,0.5625,1274085.0
103,Cincinnati,2015,0.5725,1298807.0
104,Cincinnati,2016,0.41300000000000003,1320232.0
105,Cincinnati,2017,0.429,1343113.0
106,Cincinnati,2018,0.39449999999999996,1367878.0
107,Columbus,2001,0.46599999999999997,1131073.0
108,Columbus,2002,0.442,1124888.0
109,Columbus,2003,0.4105,1126090.0
110,Columbus,2004,0.617,1140395.0
111,Columbus,2005,0.4245,1155685.0
112,Columbus,2006,0.3965,1170148.0
113,Columbus,2007,0.441,1195607.0
114,Columbus,2008,0.5835,1193251.0
115,Columbus,2009,0.495,1164496.0
116,Columbus,2010,0.5075,1163349.0
117,Columbus,2011,0.427,1190713.0
118,Columbus,2012,0.522,1218475.0
119,Columbus,2013,0.475,1246948.0
120,Columbus,2014,0.5355000000000001,1275645.0
121,Columbus,2015,0.487,1304711.0
122,Columbus,2016,0.511,1333465.0
123,Columbus,2017,0.554,1359280.0
124,Columbus,2018,0.5585,1384474.0
125,Dallas,2001,0.5017499999999999,3552273.0
126,Dallas,2002,0.5627500000000001,3513636.0
127,Dallas,2003,0.53025,3522895.0
128,Dallas,2004,0.505,3591243.0
129,Dallas,2005,0.6220000000000001,3717898.0
130,Dallas,2006,0.63825,3865438.0
131,Dallas,2007,0.62525,4017593.0
132,Dallas,2008,0.51975,4100987.0
133,Dallas,2009,0.56925,4018046.0
134,Dallas,2010,0.55375,4032699.0
135,Dallas,2011,0.52525,4174465.0
136,Dallas,2012,0.47475,4299007.0
137,Dallas,2013,0.5177499999999999,4429056.0
138,Dallas,2014,0.60475,4576162.0
139,Dallas,2015,0.4975,4746568.0
140,Dallas,2016,0.5655,4907714.0
141,Dallas,2017,0.47074999999999995,5045076.0
142,Dallas,2018,0.5385,5202275.0
143,Denver,2001,0.4695,1518724.0
144,Denver,2002,0.453,1521825.0
145,Denver,2003,0.54325,1510967.0
146,Denver,2004,0.5476666666666666,1533283.0
147,Denver,2005,0.572,1571107.0
148,Denver,2006,0.5295,1607028.0
149,Denver,2007,0.53425,1664565.0
150,Denver,2008,0.5015000000000001,1683596.0
151,Denver,2009,0.5595,1643661.0
152,Denver,2010,0.4345,1637488.0
153,Denver,2011,0.50675,1672982.0
154,Denver,2012,0.5589999999999999,1715507.0
155,Denver,2013,0.58575,1776516.0
156,Denver,2014,0.49975,1843962.0
157,Denver,2015,0.512,1917066.0
158,Denver,2016,0.4455,1981837.0
159,Denver,2017,0.48375,2030495.0
160,Denver,2018,0.51375,2088812.0
161,Edmonton,2001,0.537,535415.0
162,Edmonton,2002,0.506,550680.0
163,Edmonton,2003,0.512,568841.0
164,Edmonton,2005,0.5,598912.0
165,Edmonton,2006,0.39,627962.0
166,Edmonton,2007,0.5,652440.0
167,Edmonton,2008,0.463,673989.0
168,Edmonton,2009,0.329,666850.0
169,Edmonton,2010,0.305,664942.0
170,Edmonton,2011,0.39,689156.0
171,Edmonton,2012,0.396,708633.0
172,Edmonton,2013,0.354,723537.0
173,Edmonton,2014,0.293,735907.0
174,Edmonton,2015,0.378,739066.0
175,Edmonton,2016,0.573,722385.0
176,Edmonton,2017,0.439,730643.0
177,Edmonton,2018,0.427,744724.0
178,Houston,2001,0.4575,2909785.0
179,Houston,2002,0.43100000000000005,2933403.0
180,Houston,2003,0.4663333333333333,2954139.0
181,Houston,2004,0.5426666666666667,3007161.0
182,Houston,2005,0.363,3112356.0
183,Houston,2006,0.5155,3243805.0
184,Houston,2007,0.55975,3366616.0
185,Houston,2008,0.57825,3491113.0
186,Houston,2009,0.52875,3466455.0
187,Houston,2010,0.442,3470287.0
188,Houston,2011,0.5075000000000001,3582418.0
189,Houston,2012,0.55325,3711625.0
190,Houston,2013,0.41075,3845413.0
191,Houston,2014,0.5225,3986640.0
192,Houston,2015,0.5125,4086070.0
193,Houston,2016,0.5375,4079957.0
194,Houston,2017,0.5525,4202884.0
195,Houston,2018,0.5954999999999999,4336007.0
196,Indianapolis,2001,0.4435,1089812.0
197,Indianapolis,2002,0.605,1083368.0
198,Indianapolis,2003,0.747,1090197.0
199,Indianapolis,2004,0.6435,1108857.0
200,Indianapolis,2005,0.6875,1127886.0
201,Indianapolis,2006,0.5885,1147220.0
202,Indianapolis,2007,0.626,1170689.0
203,Indianapolis,2008,0.5945,1174207.0
204,Indianapolis,2009,0.6325000000000001,1135524.0
205,Indianapolis,2010,0.538,1135879.0
206,Indianapolis,2011,0.3805,1159681.0
207,Indianapolis,2012,0.6465,1184914.0
208,Indianapolis,2013,0.6855,1208564.0
209,Indianapolis,2014,0.5755,1233285.0
210,Indianapolis,2015,0.5245,1263488.0
211,Indianapolis,2016,0.506,1293355.0
212,Indianapolis,2017,0.4175,1323193.0
213,Indianapolis,2018,0.605,1349593.0
214,Jacksonville,2001,0.375,716351.0
215,Jacksonville,2002,0.375,720263.0
216,Jacksonville,2003,0.313,740698.0
217,Jacksonville,2004,0.563,763130.0
218,Jacksonville,2005,0.75,788440.0
219,Jacksonville,2006,0.5,818737.0
220,Jacksonville,2007,0.688,832401.0
221,Jacksonville,2008,0.313,821012.0
222,Jacksonville,2009,0.438,786276.0
223,Jacksonville,2010,0.5,781240.0
224,Jacksonville,2011,0.313,796500.0
225,Jacksonville,2012,0.125,805436.0
226,Jacksonville,2013,0.25,821819.0
227,Jacksonville,2014,0.188,844690.0
228,Jacksonville,2015,0.313,873345.0
229,Jacksonville,2016,0.188,904400.0
230,Jacksonville,2017,0.625,949190.0
231,Jacksonville,2018,0.313,977187.0
232,Las Vegas,2017,0.622,1321475.0
233,Las Vegas,2018,0.524,1374146.0
234,Memphis,2001,0.28,731946.0
235,Memphis,2002,0.341,728794.0
236,Memphis,2003,0.61,732092.0
237,Memphis,2004,0.549,741118.0
238,Memphis,2005,0.598,753084.0
239,Memphis,2006,0.268,771660.0
240,Memphis,2007,0.268,787138.0
241,Memphis,2008,0.293,784738.0
242,Memphis,2009,0.488,758113.0
243,Memphis,2010,0.561,756563.0
244,Memphis,2011,0.621,771536.0
245,Memphis,2012,0.683,776794.0
246,Memphis,2013,0.61,781130.0
247,Memphis,2014,0.671,794917.0
248,Memphis,2015,0.512,808630.0
249,Memphis,2016,0.524,823523.0
250,Memphis,2017,0.268,831655.0
251,Memphis,2018,0.402,845867.0
252,Milwaukee,2001,0.45999999999999996,1007270.0
253,Milwaukee,2002,0.429,993676.0
254,Milwaukee,2003,0.45999999999999996,991375.0
255,Milwaukee,2004,0.391,1000338.0
256,Milwaukee,2005,0.494,1008163.0
257,Milwaukee,2006,0.402,1019482.0
258,Milwaukee,2007,0.4145,1032273.0
259,Milwaukee,2008,0.48550000000000004,1031665.0
260,Milwaukee,2009,0.5275000000000001,990276.0
261,Milwaukee,2010,0.45099999999999996,981214.0
262,Milwaukee,2011,0.5315,994345.0
263,Milwaukee,2012,0.48750000000000004,1000506.0
264,Milwaukee,2013,0.32,1014559.0
265,Milwaukee,2014,0.503,1025449.0
266,Milwaukee,2015,0.41100000000000003,1037385.0
267,Milwaukee,2016,0.48150000000000004,1044296.0
268,Milwaukee,2017,0.534,1051068.0
269,Milwaukee,2018,0.6605,1063999.0
270,Minneapolis,2001,0.48266666666666663,2140355.0
271,Minneapolis,2002,0.527,2128879.0
272,Minneapolis,2003,0.6086666666666667,2138619.0
273,Minneapolis,2004,0.535,2172272.0
274,Minneapolis,2005,0.4923333333333333,2215217.0
275,Minneapolis,2006,0.4526666666666667,2250633.0
276,Minneapolis,2007,0.4186666666666667,2282601.0
277,Minneapolis,2008,0.486,2275067.0
278,Minneapolis,2009,0.48900000000000005,2201457.0
279,Minneapolis,2010,0.3873333333333333,2194919.0
280,Minneapolis,2011,0.32366666666666666,2245487.0
281,Minneapolis,2012,0.47000000000000003,2274204.0
282,Minneapolis,2013,0.413,2314838.0
283,Minneapolis,2014,0.355,2355689.0
284,Minneapolis,2015,0.5179999999999999,2403176.0
285,Minneapolis,2016,0.414,2439413.0
286,Minneapolis,2017,0.637,2475273.0
287,Minneapolis,2018,0.4836666666666667,2512868.0
288,Montreal,2001,0.512,1823889.0
289,Montreal,2002,0.415,1889079.0
290,Montreal,2003,0.543,1923264.0
291,Montreal,2005,0.512,1963915.0
292,Montreal,2006,0.512,1980080.0
293,Montreal,2007,0.573,2026985.0
294,Montreal,2008,0.5,2051100.0
295,Montreal,2009,0.476,2036525.0
296,Montreal,2010,0.537,2077653.0
297,Montreal,2011,0.378,2100655.0
298,Montreal,2012,0.604,2111467.0
299,Montreal,2013,0.561,2133992.0
300,Montreal,2014,0.61,2122650.0
301,Montreal,2015,0.463,2138338.0
302,Montreal,2016,0.573,2150051.0
303,Montreal,2017,0.354,2204058.0
304,Montreal,2018,0.537,2237501.0
305,Nashville,2001,0.4295,109619.0
306,Nashville,2002,0.5485,113217.0
307,Nashville,2003,0.64,117683.0
308,Nashville,2004,0.313,127212.0
309,Nashville,2005,0.424,134969.0
310,Nashville,2006,0.5609999999999999,139769.0
311,Nashville,2007,0.5625,144963.0
312,Nashville,2008,0.6505,143934.0
313,Nashville,2009,0.5365,138070.0
314,Nashville,2010,0.456,136792.0
315,Nashville,2011,0.574,141220.0
316,Nashville,2012,0.354,146815.0
317,Nashville,2013,0.4505,152893.0
318,Nashville,2014,0.349,158690.0
319,Nashville,2015,0.344,164318.0
320,Nashville,2016,0.5315,169936.0
321,Nashville,2017,0.6045,179123.0
322,Nashville,2018,0.568,187173.0
323,New Orleans,2001,0.438,767348.0
324,New Orleans,2002,0.568,766307.0
325,New Orleans,2003,0.5,770754.0
326,New Orleans,2004,0.36,774255.0
327,New Orleans,2005,0.3255,690879.0
328,New Orleans,2006,0.5505,639181.0
329,New Orleans,2007,0.5605,682617.0
330,New Orleans,2008,0.5489999999999999,705478.0
331,New Orleans,2009,0.632,705184.0
332,New Orleans,2010,0.6245,715288.0
333,New Orleans,2011,0.5655,720800.0
334,New Orleans,2012,0.3835,735339.0
335,New Orleans,2013,0.5515,751393.0
336,New Orleans,2014,0.49350000000000005,766094.0
337,New Orleans,2015,0.402,780799.0
338,New Orleans,2016,0.4265,787130.0
339,New Orleans,2017,0.6365,787919.0
340,New Orleans,2018,0.6074999999999999,799186.0
341,Ottawa,2001,0.53,645365.0
342,Ottawa,2002,0.683,660138.0
343,Ottawa,2003,0.585,677922.0
344,Ottawa,2005,0.634,695340.0
345,Ottawa,2006,0.585,702364.0
346,Ottawa,2007,0.524,712680.0
347,Ottawa,2008,0.439,719777.0
348,Ottawa,2009,0.537,704130.0
349,Ottawa,2010,0.39,715791.0
350,Ottawa,2011,0.5,728039.0
351,Ottawa,2012,0.521,731310.0
352,Ottawa,2013,0.451,741656.0
353,Ottawa,2014,0.524,744179.0
354,Ottawa,2015,0.463,748501.0
355,Ottawa,2016,0.537,755836.0
356,Ottawa,2017,0.341,771230.0
357,Ottawa,2018,0.354,784090.0
358,Phoenix,2001,0.5166666666666667,1952759.0
359,Phoenix,2002,0.529,1963854.0
360,Phoenix,2003,0.417,2015185.0
361,Phoenix,2004,0.5355,2104069.0
362,Phoenix,2005,0.5323333333333333,2245171.0
363,Phoenix,2006,0.5303333333333333,2363627.0
364,Phoenix,2007,0.5633333333333334,2425683.0
365,Phoenix,2008,0.5020000000000001,2378751.0
366,Phoenix,2009,0.5670000000000001,2246716.0
367,Phoenix,2010,0.47100000000000003,2209907.0
368,Phoenix,2011,0.5306666666666667,2264667.0
369,Phoenix,2012,0.4143333333333333,2311182.0
370,Phoenix,2013,0.512,2375850.0
371,Phoenix,2014,0.4355,2441648.0
372,Phoenix,2015,0.384,2529473.0
373,Phoenix,2016,0.3595,2612738.0
374,Phoenix,2017,0.415,2693905.0
375,Phoenix,2018,0.369,2791264.0
376,Pittsburgh,2001,0.5286666666666666,965484.0
377,Pittsburgh,2002,0.4896666666666667,955383.0
378,Pittsburgh,2003,0.389,944716.0
379,Pittsburgh,2004,0.6925,945315.0
380,Pittsburgh,2005,0.4566666666666666,942107.0
381,Pittsburgh,2006,0.49566666666666664,949485.0
382,Pittsburgh,2007,0.5393333333333333,963820.0
383,Pittsburgh,2008,0.571,968097.0
384,Pittsburgh,2009,0.507,950067.0
385,Pittsburgh,2010,0.5666666666666665,953785.0
386,Pittsburgh,2011,0.6053333333333333,972626.0
387,Pittsburgh,2012,0.5793333333333334,987253.0
388,Pittsburgh,2013,0.5673333333333334,994430.0
389,Pittsburgh,2014,0.585,1002039.0
390,Pittsburgh,2015,0.605,1009731.0
391,Pittsburgh,2016,0.594,1016397.0
392,Pittsburgh,2017,0.6163333333333333,1028462.0
393,Pittsburgh,2018,0.5466666666666667,1044200.0
394,Portland,2001,0.598,1190372.0
395,Portland,2002,0.61,1173068.0
396,Portland,2003,0.5,1175081.0
397,Portland,2004,0.329,1205791.0
398,Portland,2005,0.256,1245198.0
399,Portland,2006,0.39,1284337.0
400,Portland,2007,0.5,1320463.0
401,Portland,2008,0.659,1320250.0
402,Portland,2009,0.61,1264361.0
403,Portland,2010,0.585,1261040.0
404,Portland,2011,0.44,1287422.0
405,Portland,2012,0.392,1312060.0
406,Portland,2013,0.6455,1342573.0
407,Portland,2014,0.583,1385678.0
408,Portland,2015,0.548,1432241.0
409,Portland,2016,0.4855,1474642.0
410,Portland,2017,0.5785,1519334.0
411,Portland,2018,0.61,1553403.0
412,Providence,2001,0.37,530986.0
413,Providence,2002,0.464,533901.0
414,Providence,2003,0.55,539277.0
415,Providence,2004,0.417,547107.0
416,Providence,2005,0.656,550276.0
417,Providence,2006,0.563,555376.0
418,Providence,2007,0.6,561450.0
419,Providence,2008,0.517,552307.0
420,Providence,2009,0.517,532988.0
421,Providence,2010,0.383,531143.0
422,Providence,2011,0.338,536470.0
423,Providence,2012,0.382,537868.0
424,Providence,2013,0.544,546847.0
425,Providence,2014,0.559,557496.0
426,Providence,2015,0.529,570437.0
427,Providence,2016,0.456,575469.0
428,Providence,2017,0.471,579250.0
429,Providence,2018,0.456,588440.0
430,Sacramento,2001,0.744,1084938.0
431,Sacramento,2002,0.72,1099722.0
432,Sacramento,2003,0.671,1124044.0
433,Sacramento,2004,0.61,1157385.0
434,Sacramento,2005,0.537,1191410.0
435,Sacramento,2006,0.402,1214206.0
436,Sacramento,2007,0.463,1232558.0
437,Sacramento,2008,0.207,1209043.0
438,Sacramento,2009,0.305,1162375.0
439,Sacramento,2010,0.293,1136573.0
440,Sacramento,2011,0.333,1139388.0
441,Sacramento,2012,0.341,1176096.0
442,Sacramento,2013,0.341,1211648.0
443,Sacramento,2014,0.354,1241767.0
444,Sacramento,2015,0.402,1278950.0
445,Sacramento,2016,0.39,1309331.0
446,Sacramento,2017,0.329,1337172.0
447,Sacramento,2018,0.476,1378655.0
448,San Antonio,2001,0.707,999680.0
449,San Antonio,2002,0.732,1010028.0
450,San Antonio,2003,0.695,1016710.0
451,San Antonio,2004,0.72,1034324.0
452,San Antonio,2005,0.768,1070935.0
453,San Antonio,2006,0.707,1116313.0
454,San Antonio,2007,0.683,1160000.0
455,San Antonio,2008,0.659,1185888.0
456,San Antonio,2009,0.61,1178395.0
457,San Antonio,2010,0.744,1187101.0
458,San Antonio,2011,0.758,1213919.0
459,San Antonio,2012,0.707,1245294.0
460,San Antonio,2013,0.756,1279616.0
461,San Antonio,2014,0.671,1323166.0
462,San Antonio,2015,0.817,1366086.0
463,San Antonio,2016,0.744,1416477.0
464,San Antonio,2017,0.573,1461227.0
465,San Antonio,2018,0.585,1501726.0
466,San Diego,2001,0.40049999999999997,1713767.0
467,San Diego,2002,0.4535,1749463.0
468,San Diego,2003,0.3225,1782103.0
469,San Diego,2004,0.6435,1812986.0
470,San Diego,2005,0.5345,1837287.0
471,San Diego,2006,0.7090000000000001,1861439.0
472,San Diego,2007,0.617,1890307.0
473,San Diego,2008,0.4445,1882625.0
474,San Diego,2009,0.638,1821926.0
475,San Diego,2010,0.5595,1804107.0
476,San Diego,2011,0.469,1828222.0
477,San Diego,2012,0.4535,1877293.0
478,San Diego,2013,0.516,1920959.0
479,San Diego,2014,0.5189999999999999,1973042.0
480,San Diego,2015,0.35350000000000004,2029956.0
481,San Diego,2016,0.3665,2083414.0
482,San Diego,2017,0.438,2118970.0
483,San Diego,2018,0.407,2148559.0
484,Seattle,2001,0.6093333333333333,2040022.0
485,Seattle,2002,0.5,1999926.0
486,Seattle,2003,0.5499999999999999,2002177.0
487,Seattle,2004,0.5286666666666666,2040998.0
488,Seattle,2005,0.5553333333333333,2099077.0
489,Seattle,2006,0.47400000000000003,2169876.0
490,Seattle,2007,0.47066666666666673,2252591.0
491,Seattle,2008,0.3135,2272430.0
492,Seattle,2009,0.4736666666666667,2182713.0
493,Seattle,2010,0.4606666666666666,2154810.0
494,Seattle,2011,0.5046666666666667,2190360.0
495,Seattle,2012,0.5846666666666667,2258786.0
496,Seattle,2013,0.5983333333333333,2313257.0
497,Seattle,2014,0.6446666666666666,2380336.0
498,Seattle,2015,0.5409999999999999,2454112.0
499,Seattle,2016,0.5623333333333334,2526951.0
500,Seattle,2017,0.5393333333333333,2602436.0
501,Seattle,2018,0.5923333333333333,2666906.0
502,St. Louis,2001,0.6739999999999999,1552173.0
503,St. Louis,2002,0.5346666666666666,1548959.0
504,St. Louis,2003,0.606,1551217.0
505,St. Louis,2004,0.5740000000000001,1557242.0
506,St. Louis,2005,0.416,1576192.0
507,St. Louis,2006,0.47700000000000004,1595990.0
508,St. Louis,2007,0.35700000000000004,1618367.0
509,St. Louis,2008,0.38533333333333336,1618514.0
510,St. Louis,2009,0.371,1568381.0
511,St. Louis,2010,0.47733333333333333,1553390.0
512,St. Louis,2011,0.4263333333333333,1571500.0
513,St. Louis,2012,0.5386666666666667,1575161.0
514,St. Louis,2013,0.557,1593104.0
515,St. Louis,2014,0.5176666666666666,1608770.0
516,St. Louis,2015,0.551,1638159.0
517,St. Louis,2016,0.546,1659654.0
518,St. Louis,2017,0.5245,1676524.0
519,St. Louis,2018,0.546,1696586.0
520,Toronto,2001,0.5303333333333333,3067233.0
521,Toronto,2002,0.451,3125716.0
522,Toronto,2003,0.5143333333333334,3218282.0
523,Toronto,2004,0.40900000000000003,3270807.0
524,Toronto,2005,0.441,3305358.0
525,Toronto,2006,0.5326666666666666,3340582.0
526,Toronto,2007,0.442,3380727.0
527,Toronto,2008,0.44525000000000003,3412429.0
528,Toronto,2009,0.44999999999999996,3323229.0
529,Toronto,2010,0.41925,3374563.0
530,Toronto,2011,0.41800000000000004,3438588.0
531,Toronto,2012,0.41825,3453351.0
532,Toronto,2013,0.46075,3505876.0
533,Toronto,2014,0.47924999999999995,3527114.0
534,Toronto,2015,0.5277499999999999,3545917.0
535,Toronto,2016,0.5582499999999999,3585285.0
536,Toronto,2017,0.627,3653195.0
537,Toronto,2018,0.52525,3715769.0
538,Vancouver,2001,0.555,1031523.0
539,Vancouver,2002,0.628,1048439.0
540,Vancouver,2003,0.585,1072980.0
541,Vancouver,2005,0.512,1122169.0
542,Vancouver,2006,0.598,1148052.0
543,Vancouver,2007,0.476,1183709.0
544,Vancouver,2008,0.549,1202182.0
545,Vancouver,2009,0.598,1174473.0
546,Vancouver,2010,0.659,1189401.0
547,Vancouver,2011,0.473,1192301.0
548,Vancouver,2012,0.5065,1221514.0
549,Vancouver,2013,0.477,1230267.0
550,Vancouver,2014,0.5720000000000001,1252069.0
551,Vancouver,2015,0.461,1273227.0
552,Vancouver,2016,0.396,1317530.0
553,Vancouver,2017,0.461,1371713.0
554,Vancouver,2018,0.4635,1390776.0
555,Winnipeg,2011,0.451,403308.0
556,Winnipeg,2012,0.5,407855.0
557,Winnipeg,2013,0.451,410162.0
558,Winnipeg,2014,0.524,410623.0
559,Winnipeg,2015,0.427,416949.0
560,Winnipeg,2016,0.488,415763.0
561,Winnipeg,2017,0.634,422946.0
562,Winnipeg,2018,0.573,427691.0
