,City,Year,Win%,GDP_per_capita
0,Atlanta,2001,0.4205,64336.0
1,Atlanta,2002,0.51825,63886.0
2,Atlanta,2003,0.432,64511.0
3,Atlanta,2004,0.48,65828.0
4,Atlanta,2005,0.46825,66977.0
5,Atlanta,2006,0.45399999999999996,65595.0
6,Atlanta,2007,0.40875000000000006,64116.0
7,Atlanta,2008,0.5329999999999999,60508.0
8,Atlanta,2009,0.54175,57788.0
9,Atlanta,2010,0.58175,57534.0
10,Atlanta,2011,0.5933333333333333,57502.0
11,Atlanta,2012,0.6433333333333332,57771.0
12,Atlanta,2013,0.43533333333333335,58690.0
13,Atlanta,2014,0.5316666666666666,60423.0
14,Atlanta,2015,0.49966666666666665,62929.0
15,Atlanta,2016,0.5446666666666666,65136.0
16,Atlanta,2017,0.4875,66310.0
17,Atlanta,2018,0.5135,67633.0
18,Boston,2001,0.556,71659.0
19,Boston,2002,0.539,71282.0
20,Boston,2003,0.5386666666666667,72170.0
21,Boston,2004,0.577,74310.0
22,Boston,2005,0.44733333333333336,75953.0
23,Boston,2006,0.417,77623.0
24,Boston,2007,0.6326666666666667,79787.0
25,Boston,2008,0.6626666666666666,79792.0
26,Boston,2009,0.5573333333333332,78644.0
27,Boston,2010,0.5976666666666667,81405.0
28,Boston,2011,0.5816666666666667,81718.0
29,Boston,2012,0.505,82903.0
30,Boston,2013,0.521,82610.0
31,Boston,2014,0.47533333333333333,83295.0
32,Boston,2015,0.5259999999999999,87060.0
33,Boston,2016,0.5856666666666667,88688.0
34,Boston,2017,0.6183333333333333,89833.0
35,Boston,2018,0.621,93218.0
36,Calgary,2001,0.463,56865.0
37,Calgary,2002,0.433,54337.0
38,Calgary,2003,0.555,58212.0
39,Calgary,2005,0.561,67000.0
40,Calgary,2006,0.524,68831.0
41,Calgary,2007,0.512,68746.0
42,Calgary,2008,0.561,72915.0
43,Calgary,2009,0.488,60241.0
44,Calgary,2010,0.5,63288.0
45,Calgary,2011,0.451,66774.0
46,Calgary,2012,0.396,66942.0
47,Calgary,2013,0.427,69789.0
48,Calgary,2014,0.549,73092.0
49,Calgary,2015,0.427,62215.0
50,Calgary,2016,0.549,57013.0
51,Calgary,2017,0.451,59900.0
52,Calgary,2018,0.61,60440.0
53,Charlotte,2001,0.30000000000000004,62341.0
54,Charlotte,2002,0.438,62602.0
55,Charlotte,2003,0.688,64034.0
56,Charlotte,2004,0.329,66293.0
57,Charlotte,2005,0.5025,69138.0
58,Charlotte,2006,0.451,71442.0
59,Charlotte,2007,0.41400000000000003,69697.0
60,Charlotte,2008,0.5885,72023.0
61,Charlotte,2009,0.5185,64362.0
62,Charlotte,2010,0.27,60963.0
63,Charlotte,2011,0.2405,62859.0
64,Charlotte,2012,0.347,65967.0
65,Charlotte,2013,0.637,64369.0
66,Charlotte,2014,0.4355,65415.0
67,Charlotte,2015,0.7615,67627.0
68,Charlotte,2016,0.40700000000000003,68670.0
69,Charlotte,2017,0.5635,71024.0
70,Charlotte,2018,0.45699999999999996,70944.0
71,Chicago,2001,0.5646666666666667,57443.0
72,Chicago,2002,0.40650000000000003,57705.0
73,Chicago,2003,0.45599999999999996,58374.0
74,Chicago,2004,0.4728,59827.0
75,Chicago,2005,0.5225000000000001,61004.0
76,Chicago,2006,0.5471666666666667,62534.0
77,Chicago,2007,0.4661666666666667,63318.0
78,Chicago,2008,0.5536666666666666,61509.0
79,Chicago,2009,0.5238333333333333,59676.0
80,Chicago,2010,0.5728333333333334,60130.0
81,Chicago,2011,0.5388333333333333,60883.0
82,Chicago,2012,0.5690000000000001,62734.0
83,Chicago,2013,0.4928333333333333,62817.0
84,Chicago,2014,0.4751666666666667,64389.0
85,Chicago,2015,0.47533333333333333,66679.0
86,Chicago,2016,0.462,67238.0
87,Chicago,2017,0.43333333333333335,68135.0
88,Chicago,2018,0.4626666666666666,70227.0
89,Cincinnati,2001,0.391,52411.0
90,Cincinnati,2002,0.303,53469.0
91,Cincinnati,2003,0.46299999999999997,53988.0
92,Cincinnati,2004,0.4845,54739.0
93,Cincinnati,2005,0.5695,55847.0
94,Cincinnati,2006,0.497,55850.0
95,Cincinnati,2007,0.441,55922.0
96,Cincinnati,2008,0.369,55170.0
97,Cincinnati,2009,0.5529999999999999,53678.0
98,Cincinnati,2010,0.406,55072.0
99,Cincinnati,2011,0.5255,56559.0
100,Cincinnati,2012,0.612,57159.0
101,Cincinnati,2013,0.622,57457.0
102,Cincinnati,2014,0.5625,58844.0
103,Cincinnati,2015,0.5725,60856.0
104,Cincinnati,2016,0.41300000000000003,63260.0
105,Cincinnati,2017,0.429,63653.0
106,Cincinnati,2018,0.39449999999999996,64511.0
107,Columbus,2001,0.46599999999999997,52986.0
108,Columbus,2002,0.442,53272.0
109,Columbus,2003,0.4105,53455.0
110,Columbus,2004,0.617,54674.0
111,Columbus,2005,0.4245,55548.0
112,Columbus,2006,0.3965,54737.0
113,Columbus,2007,0.441,54790.0
114,Columbus,2008,0.5835,53222.0
115,Columbus,2009,0.495,51756.0
116,Columbus,2010,0.5075,52624.0
117,Columbus,2011,0.427,53689.0
118,Columbus,2012,0.522,55407.0
119,Columbus,2013,0.475,56293.0
120,Columbus,2014,0.5355000000000001,57251.0
121,Columbus,2015,0.487,58249.0
122,Columbus,2016,0.511,59206.0
123,Columbus,2017,0.554,59535.0
124,Columbus,2018,0.5585,59918.0
125,Dallas,2001,0.5017499999999999,54972.0
126,Dallas,2002,0.5627500000000001,55184.0
127,Dallas,2003,0.53025,54901.0
128,Dallas,2004,0.505,56770.0
129,Dallas,2005,0.6220000000000001,58417.0
130,Dallas,2006,0.63825,60994.0
131,Dallas,2007,0.62525,61494.0
132,Dallas,2008,0.51975,61182.0
133,Dallas,2009,0.56925,56679.0
134,Dallas,2010,0.55375,57205.0
135,Dallas,2011,0.52525,58203.0
136,Dallas,2012,0.47475,58906.0
137,Dallas,2013,0.5177499999999999,59825.0
138,Dallas,2014,0.60475,60715.0
139,Dallas,2015,0.4975,61603.0
140,Dallas,2016,0.5655,62153.0
141,Dallas,2017,0.47074999999999995,62924.0
142,Dallas,2018,0.5385,64322.0
143,Denver,2001,0.4695,62900.0
144,Denver,2002,0.453,62458.0
145,Denver,2003,0.54325,62012.0
146,Denver,2004,0.5476666666666666,61633.0
147,Denver,2005,0.572,63257.0
148,Denver,2006,0.5295,63179.0
149,Denver,2007,0.53425,64712.0
150,Denver,2008,0.5015000000000001,63349.0
151,Denver,2009,0.5595,60711.0
152,Denver,2010,0.4345,60734.0
153,Denver,2011,0.50675,60383.0
154,Denver,2012,0.5589999999999999,61174.0
155,Denver,2013,0.58575,62476.0
156,Denver,2014,0.49975,63723.0
157,Denver,2015,0.512,65596.0
158,Denver,2016,0.4455,66106.0
159,Denver,2017,0.48375,67136.0
160,Denver,2018,0.51375,68940.0
161,Edmonton,2001,0.537,54191.0
162,Edmonton,2002,0.506,52185.0
163,Edmonton,2003,0.512,56228.0
164,Edmonton,2005,0.5,65765.0
165,Edmonton,2006,0.39,67928.0
166,Edmonton,2007,0.5,67922.0
167,Edmonton,2008,0.463,72342.0
168,Edmonton,2009,0.329,59847.0
169,Edmonton,2010,0.305,62879.0
170,Edmonton,2011,0.39,66367.0
171,Edmonton,2012,0.396,66881.0
172,Edmonton,2013,0.354,69923.0
173,Edmonton,2014,0.293,73168.0
174,Edmonton,2015,0.378,62256.0
175,Edmonton,2016,0.573,56921.0
176,Edmonton,2017,0.439,59561.0
177,Edmonton,2018,0.427,60030.0
178,Houston,2001,0.4575,57079.0
179,Houston,2002,0.43100000000000005,54771.0
180,Houston,2003,0.4663333333333333,54959.0
181,Houston,2004,0.5426666666666667,59197.0
182,Houston,2005,0.363,60712.0
183,Houston,2006,0.5155,63996.0
184,Houston,2007,0.55975,67835.0
185,Houston,2008,0.57825,65288.0
186,Houston,2009,0.52875,61441.0
187,Houston,2010,0.442,64087.0
188,Houston,2011,0.5075000000000001,66801.0
189,Houston,2012,0.55325,68257.0
190,Houston,2013,0.41075,69307.0
191,Houston,2014,0.5225,68098.0
192,Houston,2015,0.5125,68548.0
193,Houston,2016,0.5375,65351.0
194,Houston,2017,0.5525,66026.0
195,Houston,2018,0.5954999999999999,68187.0
196,Indianapolis,2001,0.4435,57381.0
197,Indianapolis,2002,0.605,57306.0
198,Indianapolis,2003,0.747,58420.0
199,Indianapolis,2004,0.6435,60513.0
200,Indianapolis,2005,0.6875,60187.0
201,Indianapolis,2006,0.5885,60815.0
202,Indianapolis,2007,0.626,62016.0
203,Indianapolis,2008,0.5945,62854.0
204,Indianapolis,2009,0.6325000000000001,62348.0
205,Indianapolis,2010,0.538,63252.0
206,Indianapolis,2011,0.3805,62939.0
207,Indianapolis,2012,0.6465,62502.0
208,Indianapolis,2013,0.6855,63620.0
209,Indianapolis,2014,0.5755,64451.0
210,Indianapolis,2015,0.5245,63350.0
211,Indianapolis,2016,0.506,64421.0
212,Indianapolis,2017,0.4175,64200.0
213,Indianapolis,2018,0.605,65836.0
214,Jacksonville,2001,0.375,46415.0
215,Jacksonville,2002,0.375,47263.0
216,Jacksonville,2003,0.313,48722.0
217,Jacksonville,2004,0.563,49848.0
218,Jacksonville,2005,0.75,50953.0
219,Jacksonville,2006,0.5,51559.0
220,Jacksonville,2007,0.688,51693.0
221,Jacksonville,2008,0.313,49119.0
222,Jacksonville,2009,0.438,46887.0
223,Jacksonville,2010,0.5,46125.0
224,Jacksonville,2011,0.313,45026.0
225,Jacksonville,2012,0.125,45076.0
226,Jacksonville,2013,0.25,45923.0
227,Jacksonville,2014,0.188,46368.0
228,Jacksonville,2015,0.313,47909.0
229,Jacksonville,2016,0.188,48919.0
230,Jacksonville,2017,0.625,49715.0
231,Jacksonville,2018,0.313,50406.0
232,Las Vegas,2017,0.622,50270.0
233,Las Vegas,2018,0.524,51918.0
234,Memphis,2001,0.28,51428.0
235,Memphis,2002,0.341,51759.0
236,Memphis,2003,0.61,51998.0
237,Memphis,2004,0.549,52489.0
238,Memphis,2005,0.598,53137.0
239,Memphis,2006,0.268,53400.0
240,Memphis,2007,0.268,52255.0
241,Memphis,2008,0.293,50915.0
242,Memphis,2009,0.488,49493.0
243,Memphis,2010,0.561,49295.0
244,Memphis,2011,0.621,49406.0
245,Memphis,2012,0.683,51140.0
246,Memphis,2013,0.61,51842.0
247,Memphis,2014,0.671,51640.0
248,Memphis,2015,0.512,53453.0
249,Memphis,2016,0.524,53939.0
250,Memphis,2017,0.268,53984.0
251,Memphis,2018,0.402,53845.0
252,Milwaukee,2001,0.45999999999999996,55212.0
253,Milwaukee,2002,0.429,54781.0
254,Milwaukee,2003,0.45999999999999996,55661.0
255,Milwaukee,2004,0.391,56443.0
256,Milwaukee,2005,0.494,58181.0
257,Milwaukee,2006,0.402,59354.0
258,Milwaukee,2007,0.4145,59424.0
259,Milwaukee,2008,0.48550000000000004,57786.0
260,Milwaukee,2009,0.5275000000000001,56710.0
261,Milwaukee,2010,0.45099999999999996,57407.0
262,Milwaukee,2011,0.5315,58000.0
263,Milwaukee,2012,0.48750000000000004,58393.0
264,Milwaukee,2013,0.32,58411.0
265,Milwaukee,2014,0.503,58425.0
266,Milwaukee,2015,0.41100000000000003,59814.0
267,Milwaukee,2016,0.48150000000000004,60363.0
268,Milwaukee,2017,0.534,60118.0
269,Milwaukee,2018,0.6605,61267.0
270,Minneapolis,2001,0.48266666666666663,60413.0
271,Minneapolis,2002,0.527,60670.0
272,Minneapolis,2003,0.6086666666666667,62867.0
273,Minneapolis,2004,0.535,65028.0
274,Minneapolis,2005,0.4923333333333333,66811.0
275,Minneapolis,2006,0.4526666666666667,65632.0
276,Minneapolis,2007,0.4186666666666667,65868.0
277,Minneapolis,2008,0.486,64563.0
278,Minneapolis,2009,0.48900000000000005,62291.0
279,Minneapolis,2010,0.3873333333333333,63433.0
280,Minneapolis,2011,0.32366666666666666,64313.0
281,Minneapolis,2012,0.47000000000000003,64967.0
282,Minneapolis,2013,0.413,66057.0
283,Minneapolis,2014,0.355,67832.0
284,Minneapolis,2015,0.5179999999999999,69224.0
285,Minneapolis,2016,0.414,69702.0
286,Minneapolis,2017,0.637,69963.0
287,Minneapolis,2018,0.4836666666666667,71641.0
288,Montreal,2001,0.512,35100.0
289,Montreal,2002,0.415,35911.0
290,Montreal,2003,0.543,35788.0
291,Montreal,2005,0.512,35716.0
292,Montreal,2006,0.512,35777.0
293,Montreal,2007,0.573,36138.0
294,Montreal,2008,0.5,35342.0
295,Montreal,2009,0.476,35745.0
296,Montreal,2010,0.537,35814.0
297,Montreal,2011,0.378,36065.0
298,Montreal,2012,0.604,36265.0
299,Montreal,2013,0.561,36391.0
300,Montreal,2014,0.61,36532.0
301,Montreal,2015,0.463,37751.0
302,Montreal,2016,0.573,38286.0
303,Montreal,2017,0.354,38656.0
304,Montreal,2018,0.537,39274.0
305,Nashville,2001,0.4295,40251.0
306,Nashville,2002,0.5485,41443.0
307,Nashville,2003,0.64,42814.0
308,Nashville,2004,0.313,46155.0
309,Nashville,2005,0.424,46964.0
310,Nashville,2006,0.5609999999999999,46109.0
311,Nashville,2007,0.5625,45556.0
312,Nashville,2008,0.6505,43098.0
313,Nashville,2009,0.5365,39167.0
314,Nashville,2010,0.456,40001.0
315,Nashville,2011,0.574,38898.0
316,Nashville,2012,0.354,40302.0
317,Nashville,2013,0.4505,41783.0
318,Nashville,2014,0.349,43123.0
319,Nashville,2015,0.344,44871.0
320,Nashville,2016,0.5315,46793.0
321,Nashville,2017,0.6045,47768.0
322,Nashville,2018,0.568,47097.0
323,New Orleans,2001,0.438,45103.0
324,New Orleans,2002,0.568,45096.0
325,New Orleans,2003,0.5,48149.0
326,New Orleans,2004,0.36,49745.0
327,New Orleans,2005,0.3255,53172.0
328,New Orleans,2006,0.5505,69563.0
329,New Orleans,2007,0.5605,66606.0
330,New Orleans,2008,0.5489999999999999,69989.0
331,New Orleans,2009,0.632,65001.0
332,New Orleans,2010,0.6245,73353.0
333,New Orleans,2011,0.5655,59580.0
334,New Orleans,2012,0.3835,60126.0
335,New Orleans,2013,0.5515,56533.0
336,New Orleans,2014,0.49350000000000005,56656.0
337,New Orleans,2015,0.402,56239.0
338,New Orleans,2016,0.4265,54947.0
339,New Orleans,2017,0.6365,59022.0
340,New Orleans,2018,0.6074999999999999,60073.0
341,Ottawa,2001,0.53,42340.0
342,Ottawa,2002,0.683,43462.0
343,Ottawa,2003,0.585,42875.0
344,Ottawa,2005,0.634,43138.0
345,Ottawa,2006,0.585,43392.0
346,Ottawa,2007,0.524,43307.0
347,Ottawa,2008,0.439,41612.0
348,Ottawa,2009,0.537,41350.0
349,Ottawa,2010,0.39,41591.0
350,Ottawa,2011,0.5,41531.0
351,Ottawa,2012,0.521,41814.0
352,Ottawa,2013,0.451,41702.0
353,Ottawa,2014,0.524,42222.0
354,Ottawa,2015,0.463,44055.0
355,Ottawa,2016,0.537,44724.0
356,Ottawa,2017,0.341,44809.0
357,Ottawa,2018,0.354,45215.0
358,Phoenix,2001,0.5166666666666667,48509.0
359,Phoenix,2002,0.529,48962.0
360,Phoenix,2003,0.417,50367.0
361,Phoenix,2004,0.5355,51138.0
362,Phoenix,2005,0.5323333333333333,52922.0
363,Phoenix,2006,0.5303333333333333,53660.0
364,Phoenix,2007,0.5633333333333334,53745.0
365,Phoenix,2008,0.5020000000000001,51444.0
366,Phoenix,2009,0.5670000000000001,46838.0
367,Phoenix,2010,0.47100000000000003,46194.0
368,Phoenix,2011,0.5306666666666667,46583.0
369,Phoenix,2012,0.4143333333333333,47340.0
370,Phoenix,2013,0.512,47022.0
371,Phoenix,2014,0.4355,47075.0
372,Phoenix,2015,0.384,48022.0
373,Phoenix,2016,0.3595,48864.0
374,Phoenix,2017,0.415,49616.0
375,Phoenix,2018,0.369,50714.0
376,Pittsburgh,2001,0.5286666666666666,53467.0
377,Pittsburgh,2002,0.4896666666666667,54596.0
378,Pittsburgh,2003,0.389,56344.0
379,Pittsburgh,2004,0.6925,58079.0
380,Pittsburgh,2005,0.4566666666666666,58871.0
381,Pittsburgh,2006,0.49566666666666664,58699.0
382,Pittsburgh,2007,0.5393333333333333,60636.0
383,Pittsburgh,2008,0.571,61592.0
384,Pittsburgh,2009,0.507,61536.0
385,Pittsburgh,2010,0.5666666666666665,64061.0
386,Pittsburgh,2011,0.6053333333333333,64997.0
387,Pittsburgh,2012,0.5793333333333334,66284.0
388,Pittsburgh,2013,0.5673333333333334,67122.0
389,Pittsburgh,2014,0.585,68294.0
390,Pittsburgh,2015,0.605,70994.0
391,Pittsburgh,2016,0.594,70814.0
392,Pittsburgh,2017,0.6163333333333333,73387.0
393,Pittsburgh,2018,0.5466666666666667,76315.0
394,Portland,2001,0.598,53056.0
395,Portland,2002,0.61,52204.0
396,Portland,2003,0.5,53625.0
397,Portland,2004,0.329,55724.0
398,Portland,2005,0.256,56484.0
399,Portland,2006,0.39,57609.0
400,Portland,2007,0.5,57615.0
401,Portland,2008,0.659,58502.0
402,Portland,2009,0.61,54722.0
403,Portland,2010,0.585,55101.0
404,Portland,2011,0.44,55754.0
405,Portland,2012,0.392,55828.0
406,Portland,2013,0.6455,55430.0
407,Portland,2014,0.583,56174.0
408,Portland,2015,0.548,58841.0
409,Portland,2016,0.4855,60398.0
410,Portland,2017,0.5785,61834.0
411,Portland,2018,0.61,64233.0
412,Providence,2001,0.37,43505.0
413,Providence,2002,0.464,44791.0
414,Providence,2003,0.55,45683.0
415,Providence,2004,0.417,47416.0
416,Providence,2005,0.656,48439.0
417,Providence,2006,0.563,50467.0
418,Providence,2007,0.6,49294.0
419,Providence,2008,0.517,48103.0
420,Providence,2009,0.517,48390.0
421,Providence,2010,0.383,49622.0
422,Providence,2011,0.338,49465.0
423,Providence,2012,0.382,49903.0
424,Providence,2013,0.544,50231.0
425,Providence,2014,0.559,50852.0
426,Providence,2015,0.529,52251.0
427,Providence,2016,0.456,52484.0
428,Providence,2017,0.471,51923.0
429,Providence,2018,0.456,51606.0
430,Sacramento,2001,0.744,49056.0
431,Sacramento,2002,0.72,49352.0
432,Sacramento,2003,0.671,50389.0
433,Sacramento,2004,0.61,51353.0
434,Sacramento,2005,0.537,52912.0
435,Sacramento,2006,0.402,53719.0
436,Sacramento,2007,0.463,53663.0
437,Sacramento,2008,0.207,52413.0
438,Sacramento,2009,0.305,50706.0
439,Sacramento,2010,0.293,49292.0
440,Sacramento,2011,0.333,49269.0
441,Sacramento,2012,0.341,49354.0
442,Sacramento,2013,0.341,50543.0
443,Sacramento,2014,0.354,51260.0
444,Sacramento,2015,0.402,53317.0
445,Sacramento,2016,0.39,53777.0
446,Sacramento,2017,0.329,54481.0
447,Sacramento,2018,0.476,56027.0
448,San Antonio,2001,0.707,39840.0
449,San Antonio,2002,0.732,40288.0
450,San Antonio,2003,0.695,41204.0
451,San Antonio,2004,0.72,41716.0
452,San Antonio,2005,0.768,42492.0
453,San Antonio,2006,0.707,43660.0
454,San Antonio,2007,0.683,43665.0
455,San Antonio,2008,0.659,42920.0
456,San Antonio,2009,0.61,41522.0
457,San Antonio,2010,0.744,42161.0
458,San Antonio,2011,0.758,43042.0
459,San Antonio,2012,0.707,43501.0
460,San Antonio,2013,0.756,44782.0
461,San Antonio,2014,0.671,46191.0
462,San Antonio,2015,0.817,47262.0
463,San Antonio,2016,0.744,47057.0
464,San Antonio,2017,0.573,46420.0
465,San Antonio,2018,0.585,47851.0
466,San Diego,2001,0.40049999999999997,52611.0
467,San Diego,2002,0.4535,54544.0
468,San Diego,2003,0.3225,57009.0
469,San Diego,2004,0.6435,59742.0
470,San Diego,2005,0.5345,62247.0
471,San Diego,2006,0.7090000000000001,63264.0
472,San Diego,2007,0.617,63578.0
473,San Diego,2008,0.4445,61738.0
474,San Diego,2009,0.638,59174.0
475,San Diego,2010,0.5595,58901.0
476,San Diego,2011,0.469,58901.0
477,San Diego,2012,0.4535,58770.0
478,San Diego,2013,0.516,60396.0
479,San Diego,2014,0.5189999999999999,61312.0
480,San Diego,2015,0.35350000000000004,63251.0
481,San Diego,2016,0.3665,63459.0
482,San Diego,2017,0.438,65060.0
483,San Diego,2018,0.407,66230.0
484,Seattle,2001,0.6093333333333333,67560.0
485,Seattle,2002,0.5,67305.0
486,Seattle,2003,0.5499999999999999,67786.0
487,Seattle,2004,0.5286666666666666,68449.0
488,Seattle,2005,0.5553333333333333,71840.0
489,Seattle,2006,0.47400000000000003,73759.0
490,Seattle,2007,0.47066666666666673,77703.0
491,Seattle,2008,0.3135,77948.0
492,Seattle,2009,0.4736666666666667,74845.0
493,Seattle,2010,0.4606666666666666,75793.0
494,Seattle,2011,0.5046666666666667,76530.0
495,Seattle,2012,0.5846666666666667,79247.0
496,Seattle,2013,0.5983333333333333,81167.0
497,Seattle,2014,0.6446666666666666,83046.0
498,Seattle,2015,0.5409999999999999,85700.0
499,Seattle,2016,0.5623333333333334,87158.0
500,Seattle,2017,0.5393333333333333,90100.0
501,Seattle,2018,0.5923333333333333,94868.0
502,St. Louis,2001,0.6739999999999999,51615.0
503,St. Louis,2002,0.5346666666666666,52253.0
504,St. Louis,2003,0.606,53561.0
505,St. Louis,2004,0.5740000000000001,54451.0
506,St. Louis,2005,0.416,55409.0
507,St. Louis,2006,0.47700000000000004,55154.0
508,St. Louis,2007,0.35700000000000004,55454.0
509,St. Louis,2008,0.38533333333333336,56393.0
510,St. Louis,2009,0.371,55529.0
511,St. Louis,2010,0.47733333333333333,56009.0
512,St. Louis,2011,0.4263333333333333,55853.0
513,St. Louis,2012,0.5386666666666667,56870.0
514,St. Louis,2013,0.557,57078.0
515,St. Louis,2014,0.5176666666666666,57940.0
516,St. Louis,2015,0.551,58569.0
517,St. Louis,2016,0.546,58324.0
518,St. Louis,2017,0.5245,58054.0
519,St. Louis,2018,0.546,59239.0
520,Toronto,2001,0.5303333333333333,45280.0
521,Toronto,2002,0.451,46067.0
522,Toronto,2003,0.5143333333333334,45168.0
523,Toronto,2004,0.40900000000000003,45025.0
524,Toronto,2005,0.441,44840.0
525,Toronto,2006,0.5326666666666666,44636.0
526,Toronto,2007,0.442,44342.0
527,Toronto,2008,0.44525000000000003,42487.0
528,Toronto,2009,0.44999999999999996,42123.0
529,Toronto,2010,0.41925,42557.0
530,Toronto,2011,0.41800000000000004,42495.0
531,Toronto,2012,0.41825,42676.0
532,Toronto,2013,0.46075,42346.0
533,Toronto,2014,0.47924999999999995,42911.0
534,Toronto,2015,0.5277499999999999,44920.0
535,Toronto,2016,0.5582499999999999,45750.0
536,Toronto,2017,0.627,45868.0
537,Toronto,2018,0.52525,46210.0
538,Vancouver,2001,0.555,38193.0
539,Vancouver,2002,0.628,38690.0
540,Vancouver,2003,0.585,39218.0
541,Vancouver,2005,0.512,42089.0
542,Vancouver,2006,0.598,43506.0
543,Vancouver,2007,0.476,43762.0
544,Vancouver,2008,0.549,42638.0
545,Vancouver,2009,0.598,41036.0
546,Vancouver,2010,0.659,40908.0
547,Vancouver,2011,0.473,41342.0
548,Vancouver,2012,0.5065,40937.0
549,Vancouver,2013,0.477,40933.0
550,Vancouver,2014,0.5720000000000001,41582.0
551,Vancouver,2015,0.461,42512.0
552,Vancouver,2016,0.396,43753.0
553,Vancouver,2017,0.461,45026.0
554,Vancouver,2018,0.4635,45952.0
555,Winnipeg,2011,0.451,37940.0
556,Winnipeg,2012,0.5,39307.0
557,Winnipeg,2013,0.451,39786.0
558,Winnipeg,2014,0.524,39730.0
559,Winnipeg,2015,0.427,40622.0
560,Winnipeg,2016,0.488,40385.0
561,Winnipeg,2017,0.634,40922.0
562,Winnipeg,2018,0.573,40801.0
