,City,Year,Win%,Productivity
0,Atlanta,2001,0.4205,120789.0
1,Atlanta,2002,0.51825,122340.0
2,Atlanta,2003,0.432,124485.0
3,Atlanta,2004,0.48,127751.0
4,Atlanta,2005,0.46825,129708.0
5,Atlanta,2006,0.45399999999999996,126717.0
6,Atlanta,2007,0.40875000000000006,123595.0
7,Atlanta,2008,0.5329999999999999,120026.0
8,Atlanta,2009,0.54175,123008.0
9,Atlanta,2010,0.58175,123830.0
10,Atlanta,2011,0.5933333333333333,123193.0
11,Atlanta,2012,0.6433333333333332,122820.0
12,Atlanta,2013,0.43533333333333335,124810.0
13,Atlanta,2014,0.5316666666666666,128272.0
14,Atlanta,2015,0.49966666666666665,133952.0
15,Atlanta,2016,0.5446666666666666,134234.0
16,Atlanta,2017,0.4875,132225.0
17,Atlanta,2018,0.5135,134827.0
18,Boston,2001,0.556,138384.0
19,Boston,2002,0.539,138822.0
20,Boston,2003,0.5386666666666667,142605.0
21,Boston,2004,0.577,146543.0
22,Boston,2005,0.44733333333333336,149508.0
23,Boston,2006,0.417,151425.0
24,Boston,2007,0.6326666666666667,154428.0
25,Boston,2008,0.6626666666666666,154967.0
26,Boston,2009,0.5573333333333332,158633.0
27,Boston,2010,0.5976666666666667,163476.0
28,Boston,2011,0.5816666666666667,163597.0
29,Boston,2012,0.505,165308.0
30,Boston,2013,0.521,165497.0
31,Boston,2014,0.47533333333333333,164309.0
32,Boston,2015,0.5259999999999999,170017.0
33,Boston,2016,0.5856666666666667,171179.0
34,Boston,2017,0.6183333333333333,168938.0
35,Boston,2018,0.621,170964.0
36,Calgary,2001,0.463,100616.0
37,Calgary,2002,0.433,96362.0
38,Calgary,2003,0.555,102172.0
39,Calgary,2005,0.561,118082.0
40,Calgary,2006,0.524,119745.0
41,Calgary,2007,0.512,118410.0
42,Calgary,2008,0.561,125048.0
43,Calgary,2009,0.488,107374.0
44,Calgary,2010,0.5,115073.0
45,Calgary,2011,0.451,119287.0
46,Calgary,2012,0.396,119597.0
47,Calgary,2013,0.427,126155.0
48,Calgary,2014,0.549,133798.0
49,Calgary,2015,0.427,115589.0
50,Calgary,2016,0.549,110216.0
51,Calgary,2017,0.451,116008.0
52,Calgary,2018,0.61,116689.0
53,Charlotte,2001,0.30000000000000004,118766.0
54,Charlotte,2002,0.438,122307.0
55,Charlotte,2003,0.688,125829.0
56,Charlotte,2004,0.329,132584.0
57,Charlotte,2005,0.5025,139491.0
58,Charlotte,2006,0.451,143128.0
59,Charlotte,2007,0.41400000000000003,142228.0
60,Charlotte,2008,0.5885,149956.0
61,Charlotte,2009,0.5185,144236.0
62,Charlotte,2010,0.27,130403.0
63,Charlotte,2011,0.2405,133239.0
64,Charlotte,2012,0.347,137617.0
65,Charlotte,2013,0.637,133493.0
66,Charlotte,2014,0.4355,133691.0
67,Charlotte,2015,0.7615,136343.0
68,Charlotte,2016,0.40700000000000003,136760.0
69,Charlotte,2017,0.5635,141572.0
70,Charlotte,2018,0.45699999999999996,140677.0
71,Chicago,2001,0.5646666666666667,116885.0
72,Chicago,2002,0.40650000000000003,121894.0
73,Chicago,2003,0.45599999999999996,124036.0
74,Chicago,2004,0.4728,126250.0
75,Chicago,2005,0.5225000000000001,128014.0
76,Chicago,2006,0.5471666666666667,127666.0
77,Chicago,2007,0.4661666666666667,127915.0
78,Chicago,2008,0.5536666666666666,125729.0
79,Chicago,2009,0.5238333333333333,128628.0
80,Chicago,2010,0.5728333333333334,130956.0
81,Chicago,2011,0.5388333333333333,132786.0
82,Chicago,2012,0.5690000000000001,134402.0
83,Chicago,2013,0.4928333333333333,134315.0
84,Chicago,2014,0.4751666666666667,135571.0
85,Chicago,2015,0.47533333333333333,138540.0
86,Chicago,2016,0.462,137889.0
87,Chicago,2017,0.43333333333333335,137029.0
88,Chicago,2018,0.4626666666666666,139769.0
89,Cincinnati,2001,0.391,105424.0
90,Cincinnati,2002,0.303,108748.0
91,Cincinnati,2003,0.46299999999999997,108932.0
92,Cincinnati,2004,0.4845,110147.0
93,Cincinnati,2005,0.5695,111644.0
94,Cincinnati,2006,0.497,110082.0
95,Cincinnati,2007,0.441,109138.0
96,Cincinnati,2008,0.369,108574.0
97,Cincinnati,2009,0.5529999999999999,112122.0
98,Cincinnati,2010,0.406,117553.0
99,Cincinnati,2011,0.5255,121162.0
100,Cincinnati,2012,0.612,121784.0
101,Cincinnati,2013,0.622,122533.0
102,Cincinnati,2014,0.5625,123976.0
103,Cincinnati,2015,0.5725,127148.0
104,Cincinnati,2016,0.41300000000000003,130846.0
105,Cincinnati,2017,0.429,129874.0
106,Cincinnati,2018,0.39449999999999996,130832.0
107,Columbus,2001,0.46599999999999997,101145.0
108,Columbus,2002,0.442,103891.0
109,Columbus,2003,0.4105,105205.0
110,Columbus,2004,0.617,108585.0
111,Columbus,2005,0.4245,110134.0
112,Columbus,2006,0.3965,106680.0
113,Columbus,2007,0.441,105943.0
114,Columbus,2008,0.5835,104493.0
115,Columbus,2009,0.495,107396.0
116,Columbus,2010,0.5075,109295.0
117,Columbus,2011,0.427,111765.0
118,Columbus,2012,0.522,114494.0
119,Columbus,2013,0.475,116691.0
120,Columbus,2014,0.5355000000000001,116640.0
121,Columbus,2015,0.487,118014.0
122,Columbus,2016,0.511,119387.0
123,Columbus,2017,0.554,119136.0
124,Columbus,2018,0.5585,119905.0
125,Dallas,2001,0.5017499999999999,106503.0
126,Dallas,2002,0.5627500000000001,110113.0
127,Dallas,2003,0.53025,111319.0
128,Dallas,2004,0.505,114895.0
129,Dallas,2005,0.6220000000000001,117501.0
130,Dallas,2006,0.63825,123672.0
131,Dallas,2007,0.62525,125875.0
132,Dallas,2008,0.51975,126970.0
133,Dallas,2009,0.56925,121980.0
134,Dallas,2010,0.55375,121776.0
135,Dallas,2011,0.52525,123209.0
136,Dallas,2012,0.47475,124047.0
137,Dallas,2013,0.5177499999999999,125472.0
138,Dallas,2014,0.60475,126154.0
139,Dallas,2015,0.4975,127561.0
140,Dallas,2016,0.5655,127025.0
141,Dallas,2017,0.47074999999999995,128361.0
142,Dallas,2018,0.5385,130635.0
143,Denver,2001,0.4695,117818.0
144,Denver,2002,0.453,119589.0
145,Denver,2003,0.54325,117675.0
146,Denver,2004,0.5476666666666666,115535.0
147,Denver,2005,0.572,118026.0
148,Denver,2006,0.5295,116296.0
149,Denver,2007,0.53425,118664.0
150,Denver,2008,0.5015000000000001,117103.0
151,Denver,2009,0.5595,118662.0
152,Denver,2010,0.4345,120312.0
153,Denver,2011,0.50675,120444.0
154,Denver,2012,0.5589999999999999,121847.0
155,Denver,2013,0.58575,123360.0
156,Denver,2014,0.49975,124030.0
157,Denver,2015,0.512,127104.0
158,Denver,2016,0.4455,126285.0
159,Denver,2017,0.48375,126348.0
160,Denver,2018,0.51375,128377.0
161,Edmonton,2001,0.537,100616.0
162,Edmonton,2002,0.506,96362.0
163,Edmonton,2003,0.512,102172.0
164,Edmonton,2005,0.5,118082.0
165,Edmonton,2006,0.39,119745.0
166,Edmonton,2007,0.5,118410.0
167,Edmonton,2008,0.463,125048.0
168,Edmonton,2009,0.329,107374.0
169,Edmonton,2010,0.305,115073.0
170,Edmonton,2011,0.39,119287.0
171,Edmonton,2012,0.396,119597.0
172,Edmonton,2013,0.354,126155.0
173,Edmonton,2014,0.293,133798.0
174,Edmonton,2015,0.378,115589.0
175,Edmonton,2016,0.573,110216.0
176,Edmonton,2017,0.439,116008.0
177,Edmonton,2018,0.427,116689.0
178,Houston,2001,0.4575,119011.0
179,Houston,2002,0.43100000000000005,115653.0
180,Houston,2003,0.4663333333333333,117445.0
181,Houston,2004,0.5426666666666667,127164.0
182,Houston,2005,0.363,129728.0
183,Houston,2006,0.5155,137745.0
184,Houston,2007,0.55975,145611.0
185,Houston,2008,0.57825,140734.0
186,Houston,2009,0.52875,136658.0
187,Houston,2010,0.442,140136.0
188,Houston,2011,0.5075000000000001,145132.0
189,Houston,2012,0.55325,145859.0
190,Houston,2013,0.41075,147379.0
191,Houston,2014,0.5225,144392.0
192,Houston,2015,0.5125,147505.0
193,Houston,2016,0.5375,142650.0
194,Houston,2017,0.5525,145352.0
195,Houston,2018,0.5954999999999999,148907.0
196,Indianapolis,2001,0.4435,111771.0
197,Indianapolis,2002,0.605,112807.0
198,Indianapolis,2003,0.747,114333.0
199,Indianapolis,2004,0.6435,120073.0
200,Indianapolis,2005,0.6875,119413.0
201,Indianapolis,2006,0.5885,119792.0
202,Indianapolis,2007,0.626,123818.0
203,Indianapolis,2008,0.5945,125905.0
204,Indianapolis,2009,0.6325000000000001,132271.0
205,Indianapolis,2010,0.538,138830.0
206,Indianapolis,2011,0.3805,136951.0
207,Indianapolis,2012,0.6465,135815.0
208,Indianapolis,2013,0.6855,136888.0
209,Indianapolis,2014,0.5755,135669.0
210,Indianapolis,2015,0.5245,130383.0
211,Indianapolis,2016,0.506,129699.0
212,Indianapolis,2017,0.4175,128744.0
213,Indianapolis,2018,0.605,131184.0
214,Jacksonville,2001,0.375,93749.0
215,Jacksonville,2002,0.375,99078.0
216,Jacksonville,2003,0.313,103564.0
217,Jacksonville,2004,0.563,105852.0
218,Jacksonville,2005,0.75,105143.0
219,Jacksonville,2006,0.5,105036.0
220,Jacksonville,2007,0.688,105173.0
221,Jacksonville,2008,0.313,101794.0
222,Jacksonville,2009,0.438,103633.0
223,Jacksonville,2010,0.5,101853.0
224,Jacksonville,2011,0.313,98660.0
225,Jacksonville,2012,0.125,98152.0
226,Jacksonville,2013,0.25,98791.0
227,Jacksonville,2014,0.188,99381.0
228,Jacksonville,2015,0.313,102462.0
229,Jacksonville,2016,0.188,104034.0
230,Jacksonville,2017,0.625,105136.0
231,Jacksonville,2018,0.313,106094.0
232,Las Vegas,2017,0.622,109787.0
233,Las Vegas,2018,0.524,111520.0
234,Memphis,2001,0.28,110360.0
235,Memphis,2002,0.341,112493.0
236,Memphis,2003,0.61,114246.0
237,Memphis,2004,0.549,117480.0
238,Memphis,2005,0.598,119926.0
239,Memphis,2006,0.268,118333.0
240,Memphis,2007,0.268,114715.0
241,Memphis,2008,0.293,114513.0
242,Memphis,2009,0.488,117141.0
243,Memphis,2010,0.561,113569.0
244,Memphis,2011,0.621,113257.0
245,Memphis,2012,0.683,117832.0
246,Memphis,2013,0.61,121415.0
247,Memphis,2014,0.671,121977.0
248,Memphis,2015,0.512,124046.0
249,Memphis,2016,0.524,122656.0
250,Memphis,2017,0.268,120870.0
251,Memphis,2018,0.402,119283.0
252,Milwaukee,2001,0.45999999999999996,108595.0
253,Milwaukee,2002,0.429,110628.0
254,Milwaukee,2003,0.45999999999999996,113202.0
255,Milwaukee,2004,0.391,114922.0
256,Milwaukee,2005,0.494,118731.0
257,Milwaukee,2006,0.402,119456.0
258,Milwaukee,2007,0.4145,118830.0
259,Milwaukee,2008,0.48550000000000004,115853.0
260,Milwaukee,2009,0.5275000000000001,119956.0
261,Milwaukee,2010,0.45099999999999996,119782.0
262,Milwaukee,2011,0.5315,120519.0
263,Milwaukee,2012,0.48750000000000004,121114.0
264,Milwaukee,2013,0.32,120520.0
265,Milwaukee,2014,0.503,118840.0
266,Milwaukee,2015,0.41100000000000003,120741.0
267,Milwaukee,2016,0.48150000000000004,120350.0
268,Milwaukee,2017,0.534,118187.0
269,Milwaukee,2018,0.6605,121000.0
270,Minneapolis,2001,0.48266666666666663,106646.0
271,Minneapolis,2002,0.527,108340.0
272,Minneapolis,2003,0.6086666666666667,112340.0
273,Minneapolis,2004,0.535,116567.0
274,Minneapolis,2005,0.4923333333333333,120238.0
275,Minneapolis,2006,0.4526666666666667,118858.0
276,Minneapolis,2007,0.4186666666666667,120668.0
277,Minneapolis,2008,0.486,119984.0
278,Minneapolis,2009,0.48900000000000005,120245.0
279,Minneapolis,2010,0.3873333333333333,122609.0
280,Minneapolis,2011,0.32366666666666666,123420.0
281,Minneapolis,2012,0.47000000000000003,124541.0
282,Minneapolis,2013,0.413,125958.0
283,Minneapolis,2014,0.355,128423.0
284,Minneapolis,2015,0.5179999999999999,130497.0
285,Minneapolis,2016,0.414,131359.0
286,Minneapolis,2017,0.637,129975.0
287,Minneapolis,2018,0.4836666666666667,132782.0
288,Montreal,2001,0.512,73772.0
289,Montreal,2002,0.415,73637.0
290,Montreal,2003,0.543,72703.0
291,Montreal,2005,0.512,72271.0
292,Montreal,2006,0.512,72466.0
293,Montreal,2007,0.573,72173.0
294,Montreal,2008,0.5,70475.0
295,Montreal,2009,0.476,72697.0
296,Montreal,2010,0.537,72267.0
297,Montreal,2011,0.378,72735.0
298,Montreal,2012,0.604,73457.0
299,Montreal,2013,0.561,73562.0
300,Montreal,2014,0.61,74741.0
301,Montreal,2015,0.463,76992.0
302,Montreal,2016,0.573,78265.0
303,Montreal,2017,0.354,78065.0
304,Montreal,2018,0.537,79471.0
305,Nashville,2001,0.4295,76083.0
306,Nashville,2002,0.5485,79167.0
307,Nashville,2003,0.64,82834.0
308,Nashville,2004,0.313,90111.0
309,Nashville,2005,0.424,92808.0
310,Nashville,2006,0.5609999999999999,89261.0
311,Nashville,2007,0.5625,89444.0
312,Nashville,2008,0.6505,86782.0
313,Nashville,2009,0.5365,83383.0
314,Nashville,2010,0.456,83430.0
315,Nashville,2011,0.574,80002.0
316,Nashville,2012,0.354,82494.0
317,Nashville,2013,0.4505,85685.0
318,Nashville,2014,0.349,88449.0
319,Nashville,2015,0.344,90639.0
320,Nashville,2016,0.5315,92095.0
321,Nashville,2017,0.6045,91520.0
322,Nashville,2018,0.568,88178.0
323,New Orleans,2001,0.438,101878.0
324,New Orleans,2002,0.568,104397.0
325,New Orleans,2003,0.5,112496.0
326,New Orleans,2004,0.36,116602.0
327,New Orleans,2007,0.5605,145158.0
328,New Orleans,2008,0.5489999999999999,154251.0
329,New Orleans,2009,0.632,148879.0
330,New Orleans,2010,0.6245,165613.0
331,New Orleans,2011,0.5655,136370.0
332,New Orleans,2012,0.3835,137420.0
333,New Orleans,2013,0.5515,128585.0
334,New Orleans,2014,0.49350000000000005,126793.0
335,New Orleans,2015,0.402,125084.0
336,New Orleans,2016,0.4265,122943.0
337,New Orleans,2017,0.6365,132149.0
338,New Orleans,2018,0.6074999999999999,134069.0
339,Ottawa,2001,0.53,81767.0
340,Ottawa,2002,0.683,83160.0
341,Ottawa,2003,0.585,80877.0
342,Ottawa,2005,0.634,80703.0
343,Ottawa,2006,0.585,80880.0
344,Ottawa,2007,0.524,80505.0
345,Ottawa,2008,0.439,77768.0
346,Ottawa,2009,0.537,80268.0
347,Ottawa,2010,0.39,80820.0
348,Ottawa,2011,0.5,80560.0
349,Ottawa,2012,0.521,81624.0
350,Ottawa,2013,0.451,81018.0
351,Ottawa,2014,0.524,82477.0
352,Ottawa,2015,0.463,86226.0
353,Ottawa,2016,0.537,87952.0
354,Ottawa,2017,0.341,87773.0
355,Ottawa,2018,0.354,88709.0
356,Phoenix,2001,0.5166666666666667,98272.0
357,Phoenix,2002,0.529,99981.0
358,Phoenix,2003,0.417,103167.0
359,Phoenix,2004,0.5355,104307.0
360,Phoenix,2005,0.5323333333333333,107960.0
361,Phoenix,2006,0.5303333333333333,108548.0
362,Phoenix,2007,0.5633333333333334,109053.0
363,Phoenix,2008,0.5020000000000001,106704.0
364,Phoenix,2009,0.5670000000000001,102149.0
365,Phoenix,2010,0.47100000000000003,103338.0
366,Phoenix,2011,0.5306666666666667,105510.0
367,Phoenix,2012,0.4143333333333333,107364.0
368,Phoenix,2013,0.512,106800.0
369,Phoenix,2014,0.4355,105550.0
370,Phoenix,2015,0.384,105905.0
371,Phoenix,2016,0.3595,106421.0
372,Phoenix,2017,0.415,109431.0
373,Phoenix,2018,0.369,110185.0
374,Pittsburgh,2001,0.5286666666666666,110836.0
375,Pittsburgh,2002,0.4896666666666667,113779.0
376,Pittsburgh,2003,0.389,118310.0
377,Pittsburgh,2004,0.6925,121060.0
378,Pittsburgh,2005,0.4566666666666666,122175.0
379,Pittsburgh,2006,0.49566666666666664,120493.0
380,Pittsburgh,2007,0.5393333333333333,122710.0
381,Pittsburgh,2008,0.571,123592.0
382,Pittsburgh,2009,0.507,126627.0
383,Pittsburgh,2010,0.5666666666666665,134038.0
384,Pittsburgh,2011,0.6053333333333333,134288.0
385,Pittsburgh,2012,0.5793333333333334,134899.0
386,Pittsburgh,2013,0.5673333333333334,136770.0
387,Pittsburgh,2014,0.585,138511.0
388,Pittsburgh,2015,0.605,142571.0
389,Pittsburgh,2016,0.594,141831.0
390,Pittsburgh,2017,0.6163333333333333,145064.0
391,Pittsburgh,2018,0.5466666666666667,149561.0
392,Portland,2001,0.598,102327.0
393,Portland,2002,0.61,103710.0
394,Portland,2003,0.5,108290.0
395,Portland,2004,0.329,112157.0
396,Portland,2005,0.256,112928.0
397,Portland,2006,0.39,113859.0
398,Portland,2007,0.5,113243.0
399,Portland,2008,0.659,115233.0
400,Portland,2009,0.61,114174.0
401,Portland,2010,0.585,113149.0
402,Portland,2011,0.44,113874.0
403,Portland,2012,0.392,115004.0
404,Portland,2013,0.6455,115844.0
405,Portland,2014,0.583,116058.0
406,Portland,2015,0.548,119963.0
407,Portland,2016,0.4855,120794.0
408,Portland,2017,0.5785,121652.0
409,Portland,2018,0.61,126582.0
410,Providence,2001,0.37,88979.0
411,Providence,2002,0.464,91534.0
412,Providence,2003,0.55,92517.0
413,Providence,2004,0.417,96827.0
414,Providence,2005,0.656,96840.0
415,Providence,2006,0.563,98865.0
416,Providence,2007,0.6,96306.0
417,Providence,2008,0.517,96607.0
418,Providence,2009,0.517,100661.0
419,Providence,2010,0.383,103764.0
420,Providence,2011,0.338,104372.0
421,Providence,2012,0.382,104819.0
422,Providence,2013,0.544,104957.0
423,Providence,2014,0.559,104759.0
424,Providence,2015,0.529,105955.0
425,Providence,2016,0.456,106031.0
426,Providence,2017,0.471,101347.0
427,Providence,2018,0.456,99966.0
428,Sacramento,2001,0.744,102691.0
429,Sacramento,2002,0.72,104228.0
430,Sacramento,2003,0.671,107209.0
431,Sacramento,2004,0.61,109360.0
432,Sacramento,2005,0.537,111817.0
433,Sacramento,2006,0.402,113201.0
434,Sacramento,2007,0.463,113685.0
435,Sacramento,2008,0.207,113764.0
436,Sacramento,2009,0.305,115415.0
437,Sacramento,2010,0.293,115672.0
438,Sacramento,2011,0.333,116623.0
439,Sacramento,2012,0.341,115474.0
440,Sacramento,2013,0.341,117449.0
441,Sacramento,2014,0.354,118458.0
442,Sacramento,2015,0.402,121768.0
443,Sacramento,2016,0.39,121802.0
444,Sacramento,2017,0.329,123376.0
445,Sacramento,2018,0.476,125409.0
446,San Antonio,2001,0.707,87744.0
447,San Antonio,2002,0.732,89298.0
448,San Antonio,2003,0.695,91855.0
449,San Antonio,2004,0.72,93505.0
450,San Antonio,2005,0.768,94630.0
451,San Antonio,2006,0.707,97926.0
452,San Antonio,2007,0.683,99352.0
453,San Antonio,2008,0.659,98231.0
454,San Antonio,2009,0.61,96730.0
455,San Antonio,2010,0.744,96142.0
456,San Antonio,2011,0.758,98186.0
457,San Antonio,2012,0.707,98725.0
458,San Antonio,2013,0.756,101220.0
459,San Antonio,2014,0.671,103660.0
460,San Antonio,2015,0.817,105620.0
461,San Antonio,2016,0.744,103841.0
462,San Antonio,2017,0.573,102558.0
463,San Antonio,2018,0.585,105646.0
464,San Diego,2001,0.40049999999999997,112107.0
465,San Diego,2002,0.4535,115680.0
466,San Diego,2003,0.3225,120348.0
467,San Diego,2004,0.6435,124299.0
468,San Diego,2005,0.5345,128256.0
469,San Diego,2006,0.7090000000000001,129556.0
470,San Diego,2007,0.617,130551.0
471,San Diego,2008,0.4445,128406.0
472,San Diego,2009,0.638,128637.0
473,San Diego,2010,0.5595,135513.0
474,San Diego,2011,0.469,135685.0
475,San Diego,2012,0.4535,133834.0
476,San Diego,2013,0.516,136984.0
477,San Diego,2014,0.5189999999999999,138599.0
478,San Diego,2015,0.35350000000000004,141389.0
479,San Diego,2016,0.3665,140860.0
480,San Diego,2017,0.438,143271.0
481,San Diego,2018,0.407,144624.0
482,Seattle,2001,0.6093333333333333,131496.0
483,Seattle,2002,0.5,134511.0
484,Seattle,2003,0.5499999999999999,135646.0
485,Seattle,2004,0.5286666666666666,135529.0
486,Seattle,2005,0.5553333333333333,139845.0
487,Seattle,2006,0.47400000000000003,140730.0
488,Seattle,2007,0.47066666666666673,146549.0
489,Seattle,2008,0.3135,147398.0
490,Seattle,2009,0.4736666666666667,149004.0
491,Seattle,2010,0.4606666666666666,153624.0
492,Seattle,2011,0.5046666666666667,155951.0
493,Seattle,2012,0.5846666666666667,159575.0
494,Seattle,2013,0.5983333333333333,162224.0
495,Seattle,2014,0.6446666666666666,165154.0
496,Seattle,2015,0.5409999999999999,169691.0
497,Seattle,2016,0.5623333333333334,171099.0
498,Seattle,2017,0.5393333333333333,176244.0
499,Seattle,2018,0.5923333333333333,183216.0
500,St. Louis,2001,0.6739999999999999,102561.0
501,St. Louis,2002,0.5346666666666666,104697.0
502,St. Louis,2003,0.606,108643.0
503,St. Louis,2004,0.5740000000000001,111016.0
504,St. Louis,2005,0.416,111962.0
505,St. Louis,2006,0.47700000000000004,110589.0
506,St. Louis,2007,0.35700000000000004,111362.0
507,St. Louis,2008,0.38533333333333336,115502.0
508,St. Louis,2009,0.371,119014.0
509,St. Louis,2010,0.47733333333333333,117157.0
510,St. Louis,2011,0.4263333333333333,116083.0
511,St. Louis,2012,0.5386666666666667,118718.0
512,St. Louis,2013,0.557,119245.0
513,St. Louis,2014,0.5176666666666666,119332.0
514,St. Louis,2015,0.551,118497.0
515,St. Louis,2016,0.546,116501.0
516,St. Louis,2017,0.5245,115993.0
517,St. Louis,2018,0.546,117580.0
518,Toronto,2001,0.5303333333333333,84145.0
519,Toronto,2002,0.451,86040.0
520,Toronto,2003,0.5143333333333334,83321.0
521,Toronto,2004,0.40900000000000003,83098.0
522,Toronto,2005,0.441,83209.0
523,Toronto,2006,0.5326666666666666,83376.0
524,Toronto,2007,0.442,83004.0
525,Toronto,2008,0.44525000000000003,79961.0
526,Toronto,2009,0.44999999999999996,82589.0
527,Toronto,2010,0.41925,83455.0
528,Toronto,2011,0.41800000000000004,82952.0
529,Toronto,2012,0.41825,84122.0
530,Toronto,2013,0.46075,83289.0
531,Toronto,2014,0.47924999999999995,84806.0
532,Toronto,2015,0.5277499999999999,89012.0
533,Toronto,2016,0.5582499999999999,90859.0
534,Toronto,2017,0.627,90704.0
535,Toronto,2018,0.52525,91493.0
536,Vancouver,2001,0.555,76635.0
537,Vancouver,2002,0.628,77255.0
538,Vancouver,2003,0.585,77153.0
539,Vancouver,2005,0.512,80779.0
540,Vancouver,2006,0.598,82746.0
541,Vancouver,2007,0.476,81772.0
542,Vancouver,2008,0.549,79740.0
543,Vancouver,2009,0.598,80216.0
544,Vancouver,2010,0.659,80439.0
545,Vancouver,2011,0.473,82153.0
546,Vancouver,2012,0.5065,80877.0
547,Vancouver,2013,0.477,81635.0
548,Vancouver,2014,0.5720000000000001,83074.0
549,Vancouver,2015,0.461,84753.0
550,Vancouver,2016,0.396,85545.0
551,Vancouver,2017,0.461,85688.0
552,Vancouver,2018,0.4635,87620.0
553,Winnipeg,2011,0.451,76636.0
554,Winnipeg,2012,0.5,79659.0
555,Winnipeg,2013,0.451,81160.0
556,Winnipeg,2014,0.524,81968.0
557,Winnipeg,2015,0.427,83513.0
558,Winnipeg,2016,0.488,84833.0
559,Winnipeg,2017,0.634,86124.0
560,Winnipeg,2018,0.573,86266.0
